%Max 13.4091um range
x=[
12.064516
7.273623
29.461563
26.650795
47.099159
46.945415
61.108803
64.583931
76.873825
79.279701
96.21244
93.965744
114.876305
110.227875
108.515427
96.632912
111.081451
109.621674
113.608948
115.361885
115.470123
119.140808
115.752541
120.391769
120.855278
119.442818
128.166199
117.900642
124.300743
125.507126
116.713112
114.686249
108.824532
108.018097
100.138229
100.24173
91.894501
90.996353
81.773415
77.890068
72.387474
68.068153
-5.933283
-5.320296
16.83955
17.799503
38.686787
39.252811
54.421093
52.359238
67.471588
65.503647
75.193298
72.235931
79.846458
77.301346
83.354874
85.003593
91.208138
92.974731
95.411774
96.461334
94.341789
98.137802
90.59185
95.740959
87.642769
86.791893
84.210045
67.182106
71.367569
68.532089
61.263786
61.907169
54.042831
53.034729
51.867306
50.340584
45.331429
45.826591
28.507877
20.065512
10.512377
-10.803369
11.328607
7.006975
28.465319
25.993122
46.954754
47.217625
62.790607
64.912468
77.980591
78.842377
93.8414
94.957657
108.216728
112.73761
111.981087
94.202606
115.024818
108.181686
118.355682
114.476288
119.429901
118.405174
117.963654
119.43927
121.682434
118.839653
128.90004
118.209618
124.115036
124.43573
118.270653
115.666634
110.546188
107.258331
102.728928
99.296356
93.723938
89.960747
84.374687
78.105858
75.823547
70.011398
-2.947911
-5.434635
18.451706
17.365263
40.100315
38.3522
54.10569
50.838966
64.651054
65.604324
71.253639
73.246468
77.290329
76.193306
84.683022
86.140038
89.936813
92.958405
93.818565
97.529449
93.150429
98.08371
89.746429
96.912506
81.994003
89.474319
71.985809
70.615707
71.617432
69.055412
63.352146
61.173649
55.773582
49.375065
53.622047
49.742023
45.225525
46.326603
25.257942
20.070267
4.202979
-10.820984
13.332404
5.394924
29.25456
25.914486
46.559597
46.928463
62.80471
65.200378
76.552971
79.84359
94.237129
94.569504
114.461868
110.455139
114.694618
93.533745
115.575668
107.815056
116.648758
113.947006
117.327698
119.530449
117.305214
119.412941
120.347031
119.549095
125.095154
118.440361
124.387718
124.496437
117.340561
115.468987
109.4422
107.177032
101.303337
100.195618
91.216064
90.629295
85.474663
77.765228
81.181931
69.402802
-8.197316
-6.308545
16.409901
17.748095
39.755306
38.092201
57.192932
52.081566
69.48111
63.762268
76.371574
71.934311
76.846169
75.418198
85.267029
85.124664
89.196457
92.899132
91.479004
97.236893
92.582794
98.55571
89.397102
96.462387
85.191055
88.234108
77.679283
68.971779
70.157837
69.24881
61.370827
61.71804
53.365433
50.64262
51.115223
50.568172
44.150578
46.403877
26.329359
19.9447
7.266657
-11.522492
16.195641
4.167428
29.947943
25.646063
45.147705
47.048855
61.054199
65.219421
76.949112
79.618492
95.327072
94.042091
111.129829
110.711617
116.783028
94.941109
114.34201
107.26236
115.395844
115.07341
118.521652
118.69799
118.509811
119.125641
124.473022
118.675758
132.387878
116.651192
124.575363
124.942932
116.100693
115.492195
109.07357
107.266289
100.867882
100.598427
90.790321
90.40387
82.477005
78.069481
75.167076
69.405281
-6.545221
-6.714023
17.512583
17.470346
39.617447
38.521793
53.633766
49.896862
66.286995
64.903168
76.025177
72.06041
82.946205
75.042633
78.720871
86.05957
88.156113
94.024918
93.161583
97.694778
93.214264
98.544601
89.901962
96.348885
85.878067
87.776405
79.530716
70.896851
71.842949
68.416351
63.757961
61.140465
56.117649
52.040909
52.964104
50.388653
44.278469
46.122356
27.789522
19.819479
10.167251
-11.523602
17.065372
4.804047
32.18515
26.032309
48.056305
46.408379
63.137691
65.237785
77.490753
79.313789
94.365959
94.12854
111.006783
111.733864
110.577499
94.069077
114.436752
107.150513
115.953476
113.739738
117.284348
118.919579
117.058159
119.755196
122.439217
118.94072
128.392746
116.877502
124.299332
124.46357
114.529068
115.944916
106.497025
107.767021
98.969261
100.796165
91.187378
90.15332
85.676529
78.165901
81.436386
70.44001
-6.79754
-5.134138
16.542566
17.861671
37.638378
39.599926
52.080044
51.346329
65.028404
64.785759
73.6623
72.585236
78.985283
74.23024
84.032021
84.415993
89.003403
92.988983
92.413452
96.976791
93.574745
98.340462
89.692368
96.265602
84.267349
89.331398
75.789772
68.760101
75.123711
68.163094
66.292709
60.311813
57.400249
50.589272
52.4305
50.365631
43.860126
46.571846
25.351387
19.840385
5.623666
-11.976284
12.668215
6.104146
28.956928
27.237373
46.624416
47.199459
60.773186
64.758125
76.254875
79.682297
95.65213
94.156189
113.804062
110.980545
103.373955
99.059158
108.396294
108.879639
113.651985
115.400513
116.697411
118.571854
116.999168
119.877487
120.683479
120.184883
123.617867
117.614006
123.608391
124.341461
117.251839
115.544937
108.925407
107.470955
101.772667
99.313026
93.352905
89.808189
82.856331
78.217087
73.389565
70.922028
-3.409996
-6.168344
18.111551
17.718939
39.295967
38.33036
55.330608
50.567802
67.425743
63.851311
73.410858
73.111893
76.895691
76.77504
91.991524
83.322243
90.655426
93.125748
90.781441
98.415497
90.938858
98.386658
88.893295
96.119835
83.878891
88.597008
77.135696
69.158821
71.661667
69.103806
62.66618
61.213795
55.982052
49.410488
55.055313
49.822048
47.528267
45.912743
25.726782
19.917974
2.797263
-10.765055
10.662669
10.20272
27.489897
26.729429
45.31686
47.585907
61.643501
64.868034
78.459137
79.352432
94.267609
94.664131
108.666321
111.439888
106.811081
96.116692
111.124016
108.722443
114.932999
114.940109
117.514748
119.140816
118.459732
118.946632
123.836082
118.329857
130.850571
116.851219
124.422302
125.256317
118.0494
115.648567
110.231628
107.371475
99.808746
100.380356
90.548401
91.084099
82.8507
78.067268
76.196693
68.602928
-3.043128
-6.789398
18.898241
18.022793
39.923866
38.061398
55.149391
51.252274
65.525414
64.639954
71.150581
73.449783
74.030571
76.794876
83.642471
85.199043
89.914024
92.351608
93.591225
97.056839
92.23571
98.7575
87.997696
96.681274
83.817215
89.057594
77.476074
69.23246
73.677353
68.740349
64.426208
60.615555
57.00333
49.614819
53.750973
49.871777
46.1091
45.785816
26.945656
19.906025
6.552328
-10.557657
15.719613
6.482592
30.081505
26.46599
45.819992
47.43671
61.598274
65.43045
76.789719
79.989494
94.353279
94.306564
114.088852
110.848557
116.353432
96.285706
115.827248
107.363365
116.572067
114.575089
117.529305
119.167641
116.192284
120.272545
120.601585
119.210121
126.126404
118.610641
126.418365
124.666748
117.191795
115.361351
108.125076
108.179359
99.194275
100.611809
91.060234
90.88382
84.495705
78.255226
79.535385
70.9188
0.030512
-6.779423
19.288818
17.566193
38.200848
39.503647
52.977066
52.283421
66.465538
64.834778
75.929672
72.99453
78.925644
75.377647
82.959755
85.746315
89.278656
92.932053
93.032761
97.148949
93.331093
98.263931
90.599182
96.100311
86.237556
88.419113
78.070251
67.661163
71.568245
68.36026
63.178249
60.770645
56.544304
52.666313
52.828671
50.532513
44.253822
45.960983
25.858374
20.12332
6.504367
-10.355558
13.293193
6.146732
30.653997
25.629313
47.96727
46.997936
64.466866
64.325478
79.208527
79.313911
95.782097
94.536034
108.437119
111.496681
109.351646
96.613579
113.003975
108.234573
116.717522
114.304604
119.010437
118.77906
115.929092
119.786903
118.474716
119.974419
121.06617
119.20224
123.759079
125.568184
116.176109
115.625542
107.386803
108.078316
97.756241
100.423576
90.254166
91.087608
85.041237
77.941513
80.92334
67.657814
-6.835638
-6.204288
18.182451
17.360268
39.760361
38.354095
54.870712
50.17416
66.502487
64.168213
76.350555
72.284729
83.475967
75.188484
83.124977
86.100029
88.793739
93.086487
93.172554
96.51799
93.075081
98.159325
89.140831
96.04158
82.638901
89.295731
70.924889
71.874901
73.711311
68.217033
63.647877
60.749466
55.228188
50.984451
53.088917
50.273373
46.536015
45.912464
29.098454
19.210236
10.554256
-12.383554
]

